departure_from,departure_to,availability_start,availability_end,data_generated
Aalesund,Gdansk,2025-12-24T07:00:02,2025-12-27T23:59:59,2025-12-24T07:00:02
Abu Dhabi,Budapest,2025-12-24T07:00:02,2025-12-27T23:59:59,2025-12-24T07:00:02
Abu Dhabi,Katowice,2025-12-24T07:00:02,2025-12-27T23:59:59,2025-12-24T07:00:02
Abu Dhabi,Krakow,2025-12-24T07:00:02,2025-12-27T23:59:59,2025-12-24T07:00:02
Abu Dhabi,Sofia,2025-12-24T07:00:02,2025-12-27T23:59:59,2025-12-24T07:00:02
Agadir,Katowice,2025-12-24T07:00:02,2025-12-27T23:59:59,2025-12-24T07:00:02
Agadir,Warsaw,2025-12-24T07:00:02,2025-12-27T23:59:59,2025-12-24T07:00:02
Alicante,Belgrade,2025-12-24T07:00:02,2025-12-27T23:59:59,2025-12-24T07:00:02
Alicante,Bratislava,2025-12-24T07:00:02,2025-12-27T23:59:59,2025-12-24T07:00:02
Alicante,Bucharest,2025-12-24T07:00:02,2025-12-27T23:59:59,2025-12-24T07:00:02
Alicante,Budapest,2025-12-24T07:00:02,2025-12-27T23:59:59,2025-12-24T07:00:02
Alicante,Gdansk,2025-12-24T07:00:02,2025-12-27T23:59:59,2025-12-24T07:00:02
Alicante,Katowice,2025-12-24T07:00:02,2025-12-27T23:59:59,2025-12-24T07:00:02
Alicante,Milan,2025-12-24T07:00:02,2025-12-27T23:59:59,2025-12-24T07:00:02
Alicante,Rome,2025-12-24T07:00:02,2025-12-27T23:59:59,2025-12-24T07:00:02
Alicante,Warsaw,2025-12-24T07:00:02,2025-12-27T23:59:59,2025-12-24T07:00:02
Amman,London,2025-12-24T07:00:02,2025-12-27T23:59:59,2025-12-24T07:00:02
Athens,Bratislava,2025-12-24T07:00:02,2025-12-27T23:59:59,2025-12-24T07:00:02
Athens,Bucharest,2025-12-24T07:00:02,2025-12-27T23:59:59,2025-12-24T07:00:02
Athens,Budapest,2025-12-24T07:00:02,2025-12-27T23:59:59,2025-12-24T07:00:02
Athens,Chisinau,2025-12-24T07:00:02,2025-12-27T23:59:59,2025-12-24T07:00:02
Athens,Katowice,2025-12-24T07:00:02,2025-12-27T23:59:59,2025-12-24T07:00:02
Athens,Larnaca,2025-12-24T07:00:02,2025-12-27T23:59:59,2025-12-24T07:00:02
Athens,London,2025-12-24T07:00:02,2025-12-27T23:59:59,2025-12-24T07:00:02
Athens,Venice,2025-12-24T07:00:02,2025-12-27T23:59:59,2025-12-24T07:00:02
Athens,Warsaw,2025-12-24T07:00:02,2025-12-27T23:59:59,2025-12-24T07:00:02
Bacau,London,2025-12-24T07:00:02,2025-12-27T23:59:59,2025-12-24T07:00:02
Bacau,Rome,2025-12-24T07:00:02,2025-12-27T23:59:59,2025-12-24T07:00:02
Baku,Budapest,2025-12-24T07:00:02,2025-12-27T23:59:59,2025-12-24T07:00:02
Baku,Rome,2025-12-24T07:00:02,2025-12-27T23:59:59,2025-12-24T07:00:02
Banja Luka,Basel/Mulhouse,2025-12-24T07:00:02,2025-12-27T23:59:59,2025-12-24T07:00:02
Banja Luka,Dortmund,2025-12-24T07:00:02,2025-12-27T23:59:59,2025-12-24T07:00:02
Barcelona,Belgrade,2025-12-24T07:00:02,2025-12-27T23:59:59,2025-12-24T07:00:02
Barcelona,Bratislava,2025-12-24T07:00:02,2025-12-27T23:59:59,2025-12-24T07:00:02
Barcelona,Bucharest,2025-12-24T07:00:02,2025-12-27T23:59:59,2025-12-24T07:00:02
Barcelona,Budapest,2025-12-24T07:00:02,2025-12-27T23:59:59,2025-12-24T07:00:02
Barcelona,Gdansk,2025-12-24T07:00:02,2025-12-27T23:59:59,2025-12-24T07:00:02
Barcelona,Katowice,2025-12-24T07:00:02,2025-12-27T23:59:59,2025-12-24T07:00:02
Barcelona,Krakow,2025-12-24T07:00:02,2025-12-27T23:59:59,2025-12-24T07:00:02
Barcelona,Milan,2025-12-24T07:00:02,2025-12-27T23:59:59,2025-12-24T07:00:02
Barcelona,Rome,2025-12-24T07:00:02,2025-12-27T23:59:59,2025-12-24T07:00:02
Barcelona,Skopje,2025-12-24T07:00:02,2025-12-27T23:59:59,2025-12-24T07:00:02
Barcelona,Venice,2025-12-24T07:00:02,2025-12-27T23:59:59,2025-12-24T07:00:02
Barcelona,Vienna,2025-12-24T07:00:02,2025-12-27T23:59:59,2025-12-24T07:00:02
Barcelona,Vilnius,2025-12-24T07:00:02,2025-12-27T23:59:59,2025-12-24T07:00:02
Barcelona,Warsaw,2025-12-24T07:00:02,2025-12-27T23:59:59,2025-12-24T07:00:02
Barcelona,Wroclaw,2025-12-24T07:00:02,2025-12-27T23:59:59,2025-12-24T07:00:02
Bari,Bucharest,2025-12-24T07:00:02,2025-12-27T23:59:59,2025-12-24T07:00:02
Bari,Budapest,2025-12-24T07:00:02,2025-12-27T23:59:59,2025-12-24T07:00:02
Bari,Chisinau,2025-12-24T07:00:02,2025-12-27T23:59:59,2025-12-24T07:00:02
Bari,Craiova,2025-12-24T07:00:02,2025-12-27T23:59:59,2025-12-24T07:00:02
Bari,Skopje,2025-12-24T07:00:02,2025-12-27T23:59:59,2025-12-24T07:00:02
Bari,Sofia,2025-12-24T07:00:02,2025-12-27T23:59:59,2025-12-24T07:00:02
Bari,Timisoara,2025-12-24T07:00:02,2025-12-27T23:59:59,2025-12-24T07:00:02
Bari,Tirana,2025-12-24T07:00:02,2025-12-27T23:59:59,2025-12-24T07:00:02
Bari,Warsaw,2025-12-24T07:00:02,2025-12-27T23:59:59,2025-12-24T07:00:02
Bari,Wroclaw,2025-12-24T07:00:02,2025-12-27T23:59:59,2025-12-24T07:00:02
Basel/Mulhouse,Bratislava,2025-12-24T07:00:02,2025-12-27T23:59:59,2025-12-24T07:00:02
Basel/Mulhouse,Iasi,2025-12-24T07:00:02,2025-12-27T23:59:59,2025-12-24T07:00:02
Basel/Mulhouse,Wroclaw,2025-12-24T07:00:02,2025-12-27T23:59:59,2025-12-24T07:00:02
Belgrade,Alicante,2025-12-24T07:00:02,2025-12-27T23:59:59,2025-12-24T07:00:02
Belgrade,Barcelona,2025-12-24T07:00:02,2025-12-27T23:59:59,2025-12-24T07:00:02
Belgrade,Basel/Mulhouse,2025-12-24T07:00:02,2025-12-27T23:59:59,2025-12-24T07:00:02
Belgrade,Berlin,2025-12-24T07:00:02,2025-12-27T23:59:59,2025-12-24T07:00:02
Belgrade,Dortmund,2025-12-24T07:00:02,2025-12-27T23:59:59,2025-12-24T07:00:02
Belgrade,Eindhoven,2025-12-24T07:00:02,2025-12-27T23:59:59,2025-12-24T07:00:02
Belgrade,Friedrichshafen,2025-12-24T07:00:02,2025-12-27T23:59:59,2025-12-24T07:00:02
Belgrade,Hamburg,2025-12-24T07:00:02,2025-12-27T23:59:59,2025-12-24T07:00:02
Belgrade,Karlsruhe/Baden-Baden,2025-12-24T07:00:02,2025-12-27T23:59:59,2025-12-24T07:00:02
Belgrade,Larnaca,2025-12-24T07:00:02,2025-12-27T23:59:59,2025-12-24T07:00:02
Belgrade,London,2025-12-24T07:00:02,2025-12-27T23:59:59,2025-12-24T07:00:02
Belgrade,Madrid,2025-12-24T07:00:02,2025-12-27T23:59:59,2025-12-24T07:00:02
Belgrade,Malmo,2025-12-24T07:00:02,2025-12-27T23:59:59,2025-12-24T07:00:02
Belgrade,Malta,2025-12-24T07:00:02,2025-12-27T23:59:59,2025-12-24T07:00:02
Belgrade,Memmingen,2025-12-24T07:00:02,2025-12-27T23:59:59,2025-12-24T07:00:02
Belgrade,Milan,2025-12-24T07:00:02,2025-12-27T23:59:59,2025-12-24T07:00:02
Belgrade,Nice,2025-12-24T07:00:02,2025-12-27T23:59:59,2025-12-24T07:00:02
Belgrade,Paris,2025-12-24T07:00:02,2025-12-27T23:59:59,2025-12-24T07:00:02
Belgrade,Rome,2025-12-24T07:00:02,2025-12-27T23:59:59,2025-12-24T07:00:02
Belgrade,Stockholm,2025-12-24T07:00:02,2025-12-27T23:59:59,2025-12-24T07:00:02
Bergen,Gdansk,2025-12-24T07:00:02,2025-12-27T23:59:59,2025-12-24T07:00:02
Bergen,Krakow,2025-12-24T07:00:02,2025-12-27T23:59:59,2025-12-24T07:00:02
Bergen,Vilnius,2025-12-24T07:00:02,2025-12-27T23:59:59,2025-12-24T07:00:02
Bergen,Warsaw,2025-12-24T07:00:02,2025-12-27T23:59:59,2025-12-24T07:00:02
Berlin,Belgrade,2025-12-24T07:00:02,2025-12-27T23:59:59,2025-12-24T07:00:02
Berlin,Bucharest,2025-12-24T07:00:02,2025-12-27T23:59:59,2025-12-24T07:00:02
Berlin,Budapest,2025-12-24T07:00:02,2025-12-27T23:59:59,2025-12-24T07:00:02
Bilbao,Budapest,2025-12-24T07:00:02,2025-12-27T23:59:59,2025-12-24T07:00:02
Bilbao,Rome,2025-12-24T07:00:02,2025-12-27T23:59:59,2025-12-24T07:00:02
Billund,Bucharest,2025-12-24T07:00:02,2025-12-27T23:59:59,2025-12-24T07:00:02
Billund,Chisinau,2025-12-24T07:00:02,2025-12-27T23:59:59,2025-12-24T07:00:02
Billund,Cluj,2025-12-24T07:00:02,2025-12-27T23:59:59,2025-12-24T07:00:02
Billund,Katowice,2025-12-24T07:00:02,2025-12-27T23:59:59,2025-12-24T07:00:02
Billund,Vilnius,2025-12-24T07:00:02,2025-12-27T23:59:59,2025-12-24T07:00:02
Birmingham,Budapest,2025-12-24T07:00:02,2025-12-27T23:59:59,2025-12-24T07:00:02
Birmingham,Rome,2025-12-24T07:00:02,2025-12-27T23:59:59,2025-12-24T07:00:02
Bologna,Bucharest,2025-12-24T07:00:02,2025-12-27T23:59:59,2025-12-24T07:00:02
Bologna,Iasi,2025-12-24T07:00:02,2025-12-27T23:59:59,2025-12-24T07:00:02
Bologna,Timisoara,2025-12-24T07:00:02,2025-12-27T23:59:59,2025-12-24T07:00:02
Bologna,Warsaw,2025-12-24T07:00:02,2025-12-27T23:59:59,2025-12-24T07:00:02
Bordeaux,Bucharest,2025-12-24T07:00:02,2025-12-27T23:59:59,2025-12-24T07:00:02
Bordeaux,Rome,2025-12-24T07:00:02,2025-12-27T23:59:59,2025-12-24T07:00:02
Bratislava,Alicante,2025-12-24T07:00:02,2025-12-27T23:59:59,2025-12-24T07:00:02
Bratislava,Athens,2025-12-24T07:00:02,2025-12-27T23:59:59,2025-12-24T07:00:02
Bratislava,Barcelona,2025-12-24T07:00:02,2025-12-27T23:59:59,2025-12-24T07:00:02
Bratislava,Basel/Mulhouse,2025-12-24T07:00:02,2025-12-27T23:59:59,2025-12-24T07:00:02
Bratislava,Bucharest,2025-12-24T07:00:02,2025-12-27T23:59:59,2025-12-24T07:00:02
Bratislava,Lamezia Terme,2025-12-24T07:00:02,2025-12-27T23:59:59,2025-12-24T07:00:02
Bratislava,London,2025-12-24T07:00:02,2025-12-27T23:59:59,2025-12-24T07:00:02
Bratislava,Naples,2025-12-24T07:00:02,2025-12-27T23:59:59,2025-12-24T07:00:02
Bratislava,Oslo,2025-12-24T07:00:02,2025-12-27T23:59:59,2025-12-24T07:00:02
Bratislava,Plovdiv,2025-12-24T07:00:02,2025-12-27T23:59:59,2025-12-24T07:00:02
Bratislava,Varna,2025-12-24T07:00:02,2025-12-27T23:59:59,2025-12-24T07:00:02
Brindisi,Warsaw,2025-12-24T07:00:02,2025-12-27T23:59:59,2025-12-24T07:00:02
Brussels,Cluj,2025-12-24T07:00:02,2025-12-27T23:59:59,2025-12-24T07:00:02
Bucharest,Alicante,2025-12-24T07:00:02,2025-12-27T23:59:59,2025-12-24T07:00:02
Bucharest,Athens,2025-12-24T07:00:02,2025-12-27T23:59:59,2025-12-24T07:00:02
Bucharest,Barcelona,2025-12-24T07:00:02,2025-12-27T23:59:59,2025-12-24T07:00:02
Bucharest,Bari,2025-12-24T07:00:02,2025-12-27T23:59:59,2025-12-24T07:00:02
Bucharest,Basel/Mulhouse,2025-12-24T07:00:02,2025-12-27T23:59:59,2025-12-24T07:00:02
Bucharest,Berlin,2025-12-24T07:00:02,2025-12-27T23:59:59,2025-12-24T07:00:02
Bucharest,Billund,2025-12-24T07:00:02,2025-12-27T23:59:59,2025-12-24T07:00:02
Bucharest,Birmingham,2025-12-24T07:00:02,2025-12-27T23:59:59,2025-12-24T07:00:02
Bucharest,Bologna,2025-12-24T07:00:02,2025-12-27T23:59:59,2025-12-24T07:00:02
Bucharest,Bordeaux,2025-12-24T07:00:02,2025-12-27T23:59:59,2025-12-24T07:00:02
Bucharest,Bratislava,2025-12-24T07:00:02,2025-12-27T23:59:59,2025-12-24T07:00:02
Bucharest,Brussels,2025-12-24T07:00:02,2025-12-27T23:59:59,2025-12-24T07:00:02
Bucharest,Budapest,2025-12-24T07:00:02,2025-12-27T23:59:59,2025-12-24T07:00:02
Bucharest,Castellon,2025-12-24T07:00:02,2025-12-27T23:59:59,2025-12-24T07:00:02
Bucharest,Catania,2025-12-24T07:00:02,2025-12-27T23:59:59,2025-12-24T07:00:02
Bucharest,Chisinau,2025-12-24T07:00:02,2025-12-27T23:59:59,2025-12-24T07:00:02
Bucharest,Cologne/Bonn,2025-12-24T07:00:02,2025-12-27T23:59:59,2025-12-24T07:00:02
Bucharest,Copenhagen,2025-12-24T07:00:02,2025-12-27T23:59:59,2025-12-24T07:00:02
Bucharest,Dortmund,2025-12-24T07:00:02,2025-12-27T23:59:59,2025-12-24T07:00:02
Bucharest,Eindhoven,2025-12-24T07:00:02,2025-12-27T23:59:59,2025-12-24T07:00:02
Bucharest,Frankfurt,2025-12-24T07:00:02,2025-12-27T23:59:59,2025-12-24T07:00:02
Bucharest,Gdansk,2025-12-24T07:00:02,2025-12-27T23:59:59,2025-12-24T07:00:02
Bucharest,Hamburg,2025-12-24T07:00:02,2025-12-27T23:59:59,2025-12-24T07:00:02
Bucharest,Krakow,2025-12-24T07:00:02,2025-12-27T23:59:59,2025-12-24T07:00:02
Bucharest,Larnaca,2025-12-24T07:00:02,2025-12-27T23:59:59,2025-12-24T07:00:02
Bucharest,Lisbon,2025-12-24T07:00:02,2025-12-27T23:59:59,2025-12-24T07:00:02
Bucharest,Liverpool,2025-12-24T07:00:02,2025-12-27T23:59:59,2025-12-24T07:00:02
Bucharest,London,2025-12-24T07:00:02,2025-12-27T23:59:59,2025-12-24T07:00:02
Bucharest,Lyon,2025-12-24T07:00:02,2025-12-27T23:59:59,2025-12-24T07:00:02
Bucharest,Madrid,2025-12-24T07:00:02,2025-12-27T23:59:59,2025-12-24T07:00:02
Bucharest,Malaga,2025-12-24T07:00:02,2025-12-27T23:59:59,2025-12-24T07:00:02
Bucharest,Malta,2025-12-24T07:00:02,2025-12-27T23:59:59,2025-12-24T07:00:02
Bucharest,Memmingen,2025-12-24T07:00:02,2025-12-27T23:59:59,2025-12-24T07:00:02
Bucharest,Milan,2025-12-24T07:00:02,2025-12-27T23:59:59,2025-12-24T07:00:02
Bucharest,Naples,2025-12-24T07:00:02,2025-12-27T23:59:59,2025-12-24T07:00:02
Bucharest,Nice,2025-12-24T07:00:02,2025-12-27T23:59:59,2025-12-24T07:00:02
Bucharest,Nuremberg,2025-12-24T07:00:02,2025-12-27T23:59:59,2025-12-24T07:00:02
Bucharest,Oslo,2025-12-24T07:00:02,2025-12-27T23:59:59,2025-12-24T07:00:02
Bucharest,Paris,2025-12-24T07:00:02,2025-12-27T23:59:59,2025-12-24T07:00:02
Bucharest,Pisa,2025-12-24T07:00:02,2025-12-27T23:59:59,2025-12-24T07:00:02
Bucharest,Porto,2025-12-24T07:00:02,2025-12-27T23:59:59,2025-12-24T07:00:02
Bucharest,Prague,2025-12-24T07:00:02,2025-12-27T23:59:59,2025-12-24T07:00:02
Bucharest,Rome,2025-12-24T07:00:02,2025-12-27T23:59:59,2025-12-24T07:00:02
Bucharest,Sevilla,2025-12-24T07:00:02,2025-12-27T23:59:59,2025-12-24T07:00:02
Bucharest,Stockholm,2025-12-24T07:00:02,2025-12-27T23:59:59,2025-12-24T07:00:02
Bucharest,Stuttgart,2025-12-24T07:00:02,2025-12-27T23:59:59,2025-12-24T07:00:02
Bucharest,Tel Aviv,2025-12-24T07:00:02,2025-12-27T23:59:59,2025-12-24T07:00:02
Bucharest,Tenerife,2025-12-24T07:00:02,2025-12-27T23:59:59,2025-12-24T07:00:02
Bucharest,Turin,2025-12-24T07:00:02,2025-12-27T23:59:59,2025-12-24T07:00:02
Bucharest,Turku,2025-12-24T07:00:02,2025-12-27T23:59:59,2025-12-24T07:00:02
Bucharest,Valencia,2025-12-24T07:00:02,2025-12-27T23:59:59,2025-12-24T07:00:02
Bucharest,Venice,2025-12-24T07:00:02,2025-12-27T23:59:59,2025-12-24T07:00:02
Bucharest,Warsaw,2025-12-24T07:00:02,2025-12-27T23:59:59,2025-12-24T07:00:02
Bucharest,Zaragoza,2025-12-24T07:00:02,2025-12-27T23:59:59,2025-12-24T07:00:02
Budapest,Abu Dhabi,2025-12-24T07:00:02,2025-12-27T23:59:59,2025-12-24T07:00:02
Budapest,Athens,2025-12-24T07:00:02,2025-12-27T23:59:59,2025-12-24T07:00:02
Budapest,Barcelona,2025-12-24T07:00:02,2025-12-27T23:59:59,2025-12-24T07:00:02
Budapest,Bari,2025-12-24T07:00:02,2025-12-27T23:59:59,2025-12-24T07:00:02
Budapest,Basel/Mulhouse,2025-12-24T07:00:02,2025-12-27T23:59:59,2025-12-24T07:00:02
Budapest,Berlin,2025-12-24T07:00:02,2025-12-27T23:59:59,2025-12-24T07:00:02
Budapest,Bilbao,2025-12-24T07:00:02,2025-12-27T23:59:59,2025-12-24T07:00:02
Budapest,Birmingham,2025-12-24T07:00:02,2025-12-27T23:59:59,2025-12-24T07:00:02
Budapest,Brasov,2025-12-24T07:00:02,2025-12-27T23:59:59,2025-12-24T07:00:02
Budapest,Brussels,2025-12-24T07:00:02,2025-12-27T23:59:59,2025-12-24T07:00:02
Budapest,Bucharest,2025-12-24T07:00:02,2025-12-27T23:59:59,2025-12-24T07:00:02
Budapest,Catania,2025-12-24T07:00:02,2025-12-27T23:59:59,2025-12-24T07:00:02
Budapest,Copenhagen,2025-12-24T07:00:02,2025-12-27T23:59:59,2025-12-24T07:00:02
Budapest,Dortmund,2025-12-24T07:00:02,2025-12-27T23:59:59,2025-12-24T07:00:02
Budapest,Eindhoven,2025-12-24T07:00:02,2025-12-27T23:59:59,2025-12-24T07:00:02
Budapest,Gdansk,2025-12-24T07:00:02,2025-12-27T23:59:59,2025-12-24T07:00:02
Budapest,Hurghada,2025-12-24T07:00:02,2025-12-27T23:59:59,2025-12-24T07:00:02
Budapest,Larnaca,2025-12-24T07:00:02,2025-12-27T23:59:59,2025-12-24T07:00:02
Budapest,London,2025-12-24T07:00:02,2025-12-27T23:59:59,2025-12-24T07:00:02
Budapest,Madrid,2025-12-24T07:00:02,2025-12-27T23:59:59,2025-12-24T07:00:02
Budapest,Malaga,2025-12-24T07:00:02,2025-12-27T23:59:59,2025-12-24T07:00:02
Budapest,Marrakech,2025-12-24T07:00:02,2025-12-27T23:59:59,2025-12-24T07:00:02
Budapest,Memmingen,2025-12-24T07:00:02,2025-12-27T23:59:59,2025-12-24T07:00:02
Budapest,Milan,2025-12-24T07:00:02,2025-12-27T23:59:59,2025-12-24T07:00:02
Budapest,Naples,2025-12-24T07:00:02,2025-12-27T23:59:59,2025-12-24T07:00:02
Budapest,Nice,2025-12-24T07:00:02,2025-12-27T23:59:59,2025-12-24T07:00:02
Budapest,Paris,2025-12-24T07:00:02,2025-12-27T23:59:59,2025-12-24T07:00:02
Budapest,Rome,2025-12-24T07:00:02,2025-12-27T23:59:59,2025-12-24T07:00:02
Budapest,Stockholm,2025-12-24T07:00:02,2025-12-27T23:59:59,2025-12-24T07:00:02
Budapest,Stuttgart,2025-12-24T07:00:02,2025-12-27T23:59:59,2025-12-24T07:00:02
Budapest,Tallinn,2025-12-24T07:00:02,2025-12-27T23:59:59,2025-12-24T07:00:02
Budapest,Targu-Mures,2025-12-24T07:00:02,2025-12-27T23:59:59,2025-12-24T07:00:02
Budapest,Thessaloniki,2025-12-24T07:00:02,2025-12-27T23:59:59,2025-12-24T07:00:02
Budapest,Venice,2025-12-24T07:00:02,2025-12-27T23:59:59,2025-12-24T07:00:02
Budapest,Vilnius,2025-12-24T07:00:02,2025-12-27T23:59:59,2025-12-24T07:00:02
Budapest,Warsaw,2025-12-24T07:00:02,2025-12-27T23:59:59,2025-12-24T07:00:02
Budapest,Wroclaw,2025-12-24T07:00:02,2025-12-27T23:59:59,2025-12-24T07:00:02
Castellon,Bucharest,2025-12-24T07:00:02,2025-12-27T23:59:59,2025-12-24T07:00:02
Catania,Bucharest,2025-12-24T07:00:02,2025-12-27T23:59:59,2025-12-24T07:00:02
Catania,Budapest,2025-12-24T07:00:02,2025-12-27T23:59:59,2025-12-24T07:00:02
Catania,Gdansk,2025-12-24T07:00:02,2025-12-27T23:59:59,2025-12-24T07:00:02
Catania,Katowice,2025-12-24T07:00:02,2025-12-27T23:59:59,2025-12-24T07:00:02
Catania,Memmingen,2025-12-24T07:00:02,2025-12-27T23:59:59,2025-12-24T07:00:02
Catania,Warsaw,2025-12-24T07:00:02,2025-12-27T23:59:59,2025-12-24T07:00:02
Chisinau,Athens,2025-12-24T07:00:02,2025-12-27T23:59:59,2025-12-24T07:00:02
Chisinau,Bari,2025-12-24T07:00:02,2025-12-27T23:59:59,2025-12-24T07:00:02
Chisinau,Berlin,2025-12-24T07:00:02,2025-12-27T23:59:59,2025-12-24T07:00:02
Chisinau,Billund,2025-12-24T07:00:02,2025-12-27T23:59:59,2025-12-24T07:00:02
Chisinau,Brussels,2025-12-24T07:00:02,2025-12-27T23:59:59,2025-12-24T07:00:02
Chisinau,Bucharest,2025-12-24T07:00:02,2025-12-27T23:59:59,2025-12-24T07:00:02
Chisinau,Dortmund,2025-12-24T07:00:02,2025-12-27T23:59:59,2025-12-24T07:00:02
Chisinau,Karlsruhe/Baden-Baden,2025-12-24T07:00:02,2025-12-27T23:59:59,2025-12-24T07:00:02
Chisinau,Katowice,2025-12-24T07:00:02,2025-12-27T23:59:59,2025-12-24T07:00:02
Chisinau,Larnaca,2025-12-24T07:00:02,2025-12-27T23:59:59,2025-12-24T07:00:02
Chisinau,London,2025-12-24T07:00:02,2025-12-27T23:59:59,2025-12-24T07:00:02
Chisinau,Memmingen,2025-12-24T07:00:02,2025-12-27T23:59:59,2025-12-24T07:00:02
Chisinau,Naples,2025-12-24T07:00:02,2025-12-27T23:59:59,2025-12-24T07:00:02
Chisinau,Nice,2025-12-24T07:00:02,2025-12-27T23:59:59,2025-12-24T07:00:02
Chisinau,Paris,2025-12-24T07:00:02,2025-12-27T23:59:59,2025-12-24T07:00:02
Chisinau,Rome,2025-12-24T07:00:02,2025-12-27T23:59:59,2025-12-24T07:00:02
Chisinau,Sofia,2025-12-24T07:00:02,2025-12-27T23:59:59,2025-12-24T07:00:02
Chisinau,Venice,2025-12-24T07:00:02,2025-12-27T23:59:59,2025-12-24T07:00:02
Chisinau,Vienna,2025-12-24T07:00:02,2025-12-27T23:59:59,2025-12-24T07:00:02
Cluj,Barcelona,2025-12-24T07:00:02,2025-12-27T23:59:59,2025-12-24T07:00:02
Cluj,Basel/Mulhouse,2025-12-24T07:00:02,2025-12-27T23:59:59,2025-12-24T07:00:02
Cluj,Billund,2025-12-24T07:00:02,2025-12-27T23:59:59,2025-12-24T07:00:02
Cluj,Bologna,2025-12-24T07:00:02,2025-12-27T23:59:59,2025-12-24T07:00:02
Cluj,Brussels,2025-12-24T07:00:02,2025-12-27T23:59:59,2025-12-24T07:00:02
Cluj,Castellon,2025-12-24T07:00:02,2025-12-27T23:59:59,2025-12-24T07:00:02
Cluj,Dortmund,2025-12-24T07:00:02,2025-12-27T23:59:59,2025-12-24T07:00:02
Cluj,Eindhoven,2025-12-24T07:00:02,2025-12-27T23:59:59,2025-12-24T07:00:02
Cluj,Larnaca,2025-12-24T07:00:02,2025-12-27T23:59:59,2025-12-24T07:00:02
Cluj,Lisbon,2025-12-24T07:00:02,2025-12-27T23:59:59,2025-12-24T07:00:02
Cluj,London,2025-12-24T07:00:02,2025-12-27T23:59:59,2025-12-24T07:00:02
Cluj,Madrid,2025-12-24T07:00:02,2025-12-27T23:59:59,2025-12-24T07:00:02
Cluj,Malmo,2025-12-24T07:00:02,2025-12-27T23:59:59,2025-12-24T07:00:02
Cluj,Memmingen,2025-12-24T07:00:02,2025-12-27T23:59:59,2025-12-24T07:00:02
Cluj,Milan,2025-12-24T07:00:02,2025-12-27T23:59:59,2025-12-24T07:00:02
Cluj,Paris,2025-12-24T07:00:02,2025-12-27T23:59:59,2025-12-24T07:00:02
Cluj,Rome,2025-12-24T07:00:02,2025-12-27T23:59:59,2025-12-24T07:00:02
Cluj,Stockholm,2025-12-24T07:00:02,2025-12-27T23:59:59,2025-12-24T07:00:02
Cluj,Stuttgart,2025-12-24T07:00:02,2025-12-27T23:59:59,2025-12-24T07:00:02
Cluj,Venice,2025-12-24T07:00:02,2025-12-27T23:59:59,2025-12-24T07:00:02
Cluj,Vienna,2025-12-24T07:00:02,2025-12-27T23:59:59,2025-12-24T07:00:02
Cluj,Zaragoza,2025-12-24T07:00:02,2025-12-27T23:59:59,2025-12-24T07:00:02
Constanta,London,2025-12-24T07:00:02,2025-12-27T23:59:59,2025-12-24T07:00:02
Copenhagen,Bucharest,2025-12-24T07:00:02,2025-12-27T23:59:59,2025-12-24T07:00:02
Copenhagen,Budapest,2025-12-24T07:00:02,2025-12-27T23:59:59,2025-12-24T07:00:02
Craiova,Bari,2025-12-24T07:00:02,2025-12-27T23:59:59,2025-12-24T07:00:02
Craiova,Birmingham,2025-12-24T07:00:02,2025-12-27T23:59:59,2025-12-24T07:00:02
Craiova,Bologna,2025-12-24T07:00:02,2025-12-27T23:59:59,2025-12-24T07:00:02
Craiova,Brussels,2025-12-24T07:00:02,2025-12-27T23:59:59,2025-12-24T07:00:02
Craiova,Dortmund,2025-12-24T07:00:02,2025-12-27T23:59:59,2025-12-24T07:00:02
Craiova,London,2025-12-24T07:00:02,2025-12-27T23:59:59,2025-12-24T07:00:02
Craiova,Madrid,2025-12-24T07:00:02,2025-12-27T23:59:59,2025-12-24T07:00:02
Craiova,Memmingen,2025-12-24T07:00:02,2025-12-27T23:59:59,2025-12-24T07:00:02
Craiova,Milan,2025-12-24T07:00:02,2025-12-27T23:59:59,2025-12-24T07:00:02
Craiova,Paris,2025-12-24T07:00:02,2025-12-27T23:59:59,2025-12-24T07:00:02
Craiova,Rome,2025-12-24T07:00:02,2025-12-27T23:59:59,2025-12-24T07:00:02
Debrecen,London,2025-12-24T07:00:02,2025-12-27T23:59:59,2025-12-24T07:00:02
Dortmund,Belgrade,2025-12-24T07:00:02,2025-12-27T23:59:59,2025-12-24T07:00:02
Dortmund,Budapest,2025-12-24T07:00:02,2025-12-27T23:59:59,2025-12-24T07:00:02
Dortmund,Katowice,2025-12-24T07:00:02,2025-12-27T23:59:59,2025-12-24T07:00:02
Dubai,Bucharest,2025-12-24T07:00:02,2025-12-27T23:59:59,2025-12-24T07:00:02
Dubai,Budapest,2025-12-24T07:00:02,2025-12-27T23:59:59,2025-12-24T07:00:02
Eindhoven,Belgrade,2025-12-24T07:00:02,2025-12-27T23:59:59,2025-12-24T07:00:02
Eindhoven,Bucharest,2025-12-24T07:00:02,2025-12-27T23:59:59,2025-12-24T07:00:02
Eindhoven,Budapest,2025-12-24T07:00:02,2025-12-27T23:59:59,2025-12-24T07:00:02
Eindhoven,Gdansk,2025-12-24T07:00:02,2025-12-27T23:59:59,2025-12-24T07:00:02
Eindhoven,Katowice,2025-12-24T07:00:02,2025-12-27T23:59:59,2025-12-24T07:00:02
Eindhoven,Tirana,2025-12-24T07:00:02,2025-12-27T23:59:59,2025-12-24T07:00:02
Faro,London,2025-12-24T07:00:02,2025-12-27T23:59:59,2025-12-24T07:00:02
Friedrichshafen,Belgrade,2025-12-24T07:00:02,2025-12-27T23:59:59,2025-12-24T07:00:02
Fuerteventura,Katowice,2025-12-24T07:00:02,2025-12-27T23:59:59,2025-12-24T07:00:02
Gdansk,Aalesund,2025-12-24T07:00:02,2025-12-27T23:59:59,2025-12-24T07:00:02
Gdansk,Aberdeen,2025-12-24T07:00:02,2025-12-27T23:59:59,2025-12-24T07:00:02
Gdansk,Bergen,2025-12-24T07:00:02,2025-12-27T23:59:59,2025-12-24T07:00:02
Gdansk,Bucharest,2025-12-24T07:00:02,2025-12-27T23:59:59,2025-12-24T07:00:02
Gdansk,Budapest,2025-12-24T07:00:02,2025-12-27T23:59:59,2025-12-24T07:00:02
Gdansk,Catania,2025-12-24T07:00:02,2025-12-27T23:59:59,2025-12-24T07:00:02
Gdansk,Copenhagen,2025-12-24T07:00:02,2025-12-27T23:59:59,2025-12-24T07:00:02
Gdansk,Dortmund,2025-12-24T07:00:02,2025-12-27T23:59:59,2025-12-24T07:00:02
Gdansk,Eindhoven,2025-12-24T07:00:02,2025-12-27T23:59:59,2025-12-24T07:00:02
Gdansk,Gothenburg,2025-12-24T07:00:02,2025-12-27T23:59:59,2025-12-24T07:00:02
Gdansk,Hamburg,2025-12-24T07:00:02,2025-12-27T23:59:59,2025-12-24T07:00:02
Gdansk,Haugesund,2025-12-24T07:00:02,2025-12-27T23:59:59,2025-12-24T07:00:02
Gdansk,Liverpool,2025-12-24T07:00:02,2025-12-27T23:59:59,2025-12-24T07:00:02
Gdansk,London,2025-12-24T07:00:02,2025-12-27T23:59:59,2025-12-24T07:00:02
Gdansk,Madeira,2025-12-24T07:00:02,2025-12-27T23:59:59,2025-12-24T07:00:02
Gdansk,Madrid,2025-12-24T07:00:02,2025-12-27T23:59:59,2025-12-24T07:00:02
Gdansk,Malaga,2025-12-24T07:00:02,2025-12-27T23:59:59,2025-12-24T07:00:02
Gdansk,Milan,2025-12-24T07:00:02,2025-12-27T23:59:59,2025-12-24T07:00:02
Gdansk,Oslo,2025-12-24T07:00:02,2025-12-27T23:59:59,2025-12-24T07:00:02
Gdansk,Poprad/Tatry,2025-12-24T07:00:02,2025-12-27T23:59:59,2025-12-24T07:00:02
Gdansk,Reykjavik,2025-12-24T07:00:02,2025-12-27T23:59:59,2025-12-24T07:00:02
Gdansk,Rome,2025-12-24T07:00:02,2025-12-27T23:59:59,2025-12-24T07:00:02
Gdansk,Stavanger,2025-12-24T07:00:02,2025-12-27T23:59:59,2025-12-24T07:00:02
Gdansk,Stockholm,2025-12-24T07:00:02,2025-12-27T23:59:59,2025-12-24T07:00:02
Gdansk,Trondheim,2025-12-24T07:00:02,2025-12-27T23:59:59,2025-12-24T07:00:02
Gdansk,Turku,2025-12-24T07:00:02,2025-12-27T23:59:59,2025-12-24T07:00:02
Genoa,Krakow,2025-12-24T07:00:02,2025-12-27T23:59:59,2025-12-24T07:00:02
Genoa,Warsaw,2025-12-24T07:00:02,2025-12-27T23:59:59,2025-12-24T07:00:02
Giza,Budapest,2025-12-24T07:00:02,2025-12-27T23:59:59,2025-12-24T07:00:02
Giza,London,2025-12-24T07:00:02,2025-12-27T23:59:59,2025-12-24T07:00:02
Giza,Milan,2025-12-24T07:00:02,2025-12-27T23:59:59,2025-12-24T07:00:02
Giza,Rome,2025-12-24T07:00:02,2025-12-27T23:59:59,2025-12-24T07:00:02
Glasgow,Milan,2025-12-24T07:00:02,2025-12-27T23:59:59,2025-12-24T07:00:02
Glasgow,Rome,2025-12-24T07:00:02,2025-12-27T23:59:59,2025-12-24T07:00:02
Gran Canaria,Wroclaw,2025-12-24T07:00:02,2025-12-27T23:59:59,2025-12-24T07:00:02
Gyumri,Larnaca,2025-12-24T07:00:02,2025-12-27T23:59:59,2025-12-24T07:00:02
Hamburg,Gdansk,2025-12-24T07:00:02,2025-12-27T23:59:59,2025-12-24T07:00:02
Hamburg,Skopje,2025-12-24T07:00:02,2025-12-27T23:59:59,2025-12-24T07:00:02
Haugesund,Gdansk,2025-12-24T07:00:02,2025-12-27T23:59:59,2025-12-24T07:00:02
Hurghada,Budapest,2025-12-24T07:00:02,2025-12-27T23:59:59,2025-12-24T07:00:02
Hurghada,London,2025-12-24T07:00:02,2025-12-27T23:59:59,2025-12-24T07:00:02
Hurghada,Rome,2025-12-24T07:00:02,2025-12-27T23:59:59,2025-12-24T07:00:02
Hurghada,Vienna,2025-12-24T07:00:02,2025-12-27T23:59:59,2025-12-24T07:00:02
Iasi,Barcelona,2025-12-24T07:00:02,2025-12-27T23:59:59,2025-12-24T07:00:02
Iasi,Basel/Mulhouse,2025-12-24T07:00:02,2025-12-27T23:59:59,2025-12-24T07:00:02
Iasi,Billund,2025-12-24T07:00:02,2025-12-27T23:59:59,2025-12-24T07:00:02
Iasi,Bologna,2025-12-24T07:00:02,2025-12-27T23:59:59,2025-12-24T07:00:02
Iasi,Brussels,2025-12-24T07:00:02,2025-12-27T23:59:59,2025-12-24T07:00:02
Iasi,Copenhagen,2025-12-24T07:00:02,2025-12-27T23:59:59,2025-12-24T07:00:02
Iasi,Dortmund,2025-12-24T07:00:02,2025-12-27T23:59:59,2025-12-24T07:00:02
Iasi,Eindhoven,2025-12-24T07:00:02,2025-12-27T23:59:59,2025-12-24T07:00:02
Iasi,Larnaca,2025-12-24T07:00:02,2025-12-27T23:59:59,2025-12-24T07:00:02
Iasi,Liverpool,2025-12-24T07:00:02,2025-12-27T23:59:59,2025-12-24T07:00:02
Iasi,London,2025-12-24T07:00:02,2025-12-27T23:59:59,2025-12-24T07:00:02
Iasi,Madrid,2025-12-24T07:00:02,2025-12-27T23:59:59,2025-12-24T07:00:02
Iasi,Memmingen,2025-12-24T07:00:02,2025-12-27T23:59:59,2025-12-24T07:00:02
Iasi,Milan,2025-12-24T07:00:02,2025-12-27T23:59:59,2025-12-24T07:00:02
Iasi,Rome,2025-12-24T07:00:02,2025-12-27T23:59:59,2025-12-24T07:00:02
Iasi,Turin,2025-12-24T07:00:02,2025-12-27T23:59:59,2025-12-24T07:00:02
Iasi,Venice,2025-12-24T07:00:02,2025-12-27T23:59:59,2025-12-24T07:00:02
Istanbul,Budapest,2025-12-24T07:00:02,2025-12-27T23:59:59,2025-12-24T07:00:02
Istanbul,London,2025-12-24T07:00:02,2025-12-27T23:59:59,2025-12-24T07:00:02
Jeddah,Budapest,2025-12-24T07:00:02,2025-12-27T23:59:59,2025-12-24T07:00:02
Jeddah,London,2025-12-24T07:00:02,2025-12-27T23:59:59,2025-12-24T07:00:02
Jeddah,Milan,2025-12-24T07:00:02,2025-12-27T23:59:59,2025-12-24T07:00:02
Jeddah,Rome,2025-12-24T07:00:02,2025-12-27T23:59:59,2025-12-24T07:00:02
Jeddah,Vienna,2025-12-24T07:00:02,2025-12-27T23:59:59,2025-12-24T07:00:02
Karlsruhe/Baden-Baden,Suceava,2025-12-24T07:00:02,2025-12-27T23:59:59,2025-12-24T07:00:02
Katowice,Barcelona,2025-12-24T07:00:02,2025-12-27T23:59:59,2025-12-24T07:00:02
Katowice,Billund,2025-12-24T07:00:02,2025-12-27T23:59:59,2025-12-24T07:00:02
Katowice,Chisinau,2025-12-24T07:00:02,2025-12-27T23:59:59,2025-12-24T07:00:02
Katowice,Dortmund,2025-12-24T07:00:02,2025-12-27T23:59:59,2025-12-24T07:00:02
Katowice,Eindhoven,2025-12-24T07:00:02,2025-12-27T23:59:59,2025-12-24T07:00:02
Katowice,London,2025-12-24T07:00:02,2025-12-27T23:59:59,2025-12-24T07:00:02
Katowice,Madeira,2025-12-24T07:00:02,2025-12-27T23:59:59,2025-12-24T07:00:02
Katowice,Madrid,2025-12-24T07:00:02,2025-12-27T23:59:59,2025-12-24T07:00:02
Katowice,Malaga,2025-12-24T07:00:02,2025-12-27T23:59:59,2025-12-24T07:00:02
Katowice,Malta,2025-12-24T07:00:02,2025-12-27T23:59:59,2025-12-24T07:00:02
Katowice,Rome,2025-12-24T07:00:02,2025-12-27T23:59:59,2025-12-24T07:00:02
Katowice,Tenerife,2025-12-24T07:00:02,2025-12-27T23:59:59,2025-12-24T07:00:02
Kaunas,London,2025-12-24T07:00:02,2025-12-27T23:59:59,2025-12-24T07:00:02
Klaipeda/Palanga,Oslo,2025-12-24T07:00:02,2025-12-27T23:59:59,2025-12-24T07:00:02
Kosice,London,2025-12-24T07:00:02,2025-12-27T23:59:59,2025-12-24T07:00:02
Krakow,Basel/Mulhouse,2025-12-24T07:00:02,2025-12-27T23:59:59,2025-12-24T07:00:02
Krakow,Bergen,2025-12-24T07:00:02,2025-12-27T23:59:59,2025-12-24T07:00:02
Krakow,Bucharest,2025-12-24T07:00:02,2025-12-27T23:59:59,2025-12-24T07:00:02
Krakow,Eindhoven,2025-12-24T07:00:02,2025-12-27T23:59:59,2025-12-24T07:00:02
Krakow,Genoa,2025-12-24T07:00:02,2025-12-27T23:59:59,2025-12-24T07:00:02
Krakow,London,2025-12-24T07:00:02,2025-12-27T23:59:59,2025-12-24T07:00:02
Krakow,Milan,2025-12-24T07:00:02,2025-12-27T23:59:59,2025-12-24T07:00:02
Krakow,Oslo,2025-12-24T07:00:02,2025-12-27T23:59:59,2025-12-24T07:00:02
Krakow,Rome,2025-12-24T07:00:02,2025-12-27T23:59:59,2025-12-24T07:00:02
Krakow,Sofia,2025-12-24T07:00:02,2025-12-27T23:59:59,2025-12-24T07:00:02
Krakow,Stavanger,2025-12-24T07:00:02,2025-12-27T23:59:59,2025-12-24T07:00:02
Krakow,Vilnius,2025-12-24T07:00:02,2025-12-27T23:59:59,2025-12-24T07:00:02
Kutaisi,Athens,2025-12-24T07:00:02,2025-12-27T23:59:59,2025-12-24T07:00:02
Kutaisi,Barcelona,2025-12-24T07:00:02,2025-12-27T23:59:59,2025-12-24T07:00:02
Kutaisi,Brussels,2025-12-24T07:00:02,2025-12-27T23:59:59,2025-12-24T07:00:02
Kutaisi,Budapest,2025-12-24T07:00:02,2025-12-27T23:59:59,2025-12-24T07:00:02
Kutaisi,Katowice,2025-12-24T07:00:02,2025-12-27T23:59:59,2025-12-24T07:00:02
Kutaisi,Larnaca,2025-12-24T07:00:02,2025-12-27T23:59:59,2025-12-24T07:00:02
Kutaisi,Memmingen,2025-12-24T07:00:02,2025-12-27T23:59:59,2025-12-24T07:00:02
Kutaisi,Poznan,2025-12-24T07:00:02,2025-12-27T23:59:59,2025-12-24T07:00:02
Kutaisi,Prague,2025-12-24T07:00:02,2025-12-27T23:59:59,2025-12-24T07:00:02
Kutaisi,Rome,2025-12-24T07:00:02,2025-12-27T23:59:59,2025-12-24T07:00:02
Kutaisi,Thessaloniki,2025-12-24T07:00:02,2025-12-27T23:59:59,2025-12-24T07:00:02
Kutaisi,Vienna,2025-12-24T07:00:02,2025-12-27T23:59:59,2025-12-24T07:00:02
Kutaisi,Vilnius,2025-12-24T07:00:02,2025-12-27T23:59:59,2025-12-24T07:00:02
Kutaisi,Warsaw,2025-12-24T07:00:02,2025-12-27T23:59:59,2025-12-24T07:00:02
Kutaisi,Wroclaw,2025-12-24T07:00:02,2025-12-27T23:59:59,2025-12-24T07:00:02
Lamezia Terme,Bratislava,2025-12-24T07:00:02,2025-12-27T23:59:59,2025-12-24T07:00:02
Larnaca,Belgrade,2025-12-24T07:00:02,2025-12-27T23:59:59,2025-12-24T07:00:02
Larnaca,Bucharest,2025-12-24T07:00:02,2025-12-27T23:59:59,2025-12-24T07:00:02
Larnaca,Budapest,2025-12-24T07:00:02,2025-12-27T23:59:59,2025-12-24T07:00:02
Larnaca,Chisinau,2025-12-24T07:00:02,2025-12-27T23:59:59,2025-12-24T07:00:02
Larnaca,Cluj,2025-12-24T07:00:02,2025-12-27T23:59:59,2025-12-24T07:00:02
Larnaca,Gyumri,2025-12-24T07:00:02,2025-12-27T23:59:59,2025-12-24T07:00:02
Larnaca,Iasi,2025-12-24T07:00:02,2025-12-27T23:59:59,2025-12-24T07:00:02
Larnaca,Katowice,2025-12-24T07:00:02,2025-12-27T23:59:59,2025-12-24T07:00:02
Larnaca,Krakow,2025-12-24T07:00:02,2025-12-27T23:59:59,2025-12-24T07:00:02
Larnaca,London,2025-12-24T07:00:02,2025-12-27T23:59:59,2025-12-24T07:00:02
Larnaca,Milan,2025-12-24T07:00:02,2025-12-27T23:59:59,2025-12-24T07:00:02
Larnaca,Prague,2025-12-24T07:00:02,2025-12-27T23:59:59,2025-12-24T07:00:02
Larnaca,Rome,2025-12-24T07:00:02,2025-12-27T23:59:59,2025-12-24T07:00:02
Larnaca,Sofia,2025-12-24T07:00:02,2025-12-27T23:59:59,2025-12-24T07:00:02
Larnaca,Suceava,2025-12-24T07:00:02,2025-12-27T23:59:59,2025-12-24T07:00:02
Larnaca,Tel Aviv,2025-12-24T07:00:02,2025-12-27T23:59:59,2025-12-24T07:00:02
Larnaca,Timisoara,2025-12-24T07:00:02,2025-12-27T23:59:59,2025-12-24T07:00:02
Larnaca,Venice,2025-12-24T07:00:02,2025-12-27T23:59:59,2025-12-24T07:00:02
Larnaca,Vienna,2025-12-24T07:00:02,2025-12-27T23:59:59,2025-12-24T07:00:02
Larnaca,Vilnius,2025-12-24T07:00:02,2025-12-27T23:59:59,2025-12-24T07:00:02
Larnaca,Warsaw,2025-12-24T07:00:02,2025-12-27T23:59:59,2025-12-24T07:00:02
Lisbon,Bucharest,2025-12-24T07:00:02,2025-12-27T23:59:59,2025-12-24T07:00:02
Lisbon,Budapest,2025-12-24T07:00:02,2025-12-27T23:59:59,2025-12-24T07:00:02
Lisbon,Rome,2025-12-24T07:00:02,2025-12-27T23:59:59,2025-12-24T07:00:02
Lisbon,Warsaw,2025-12-24T07:00:02,2025-12-27T23:59:59,2025-12-24T07:00:02
Liverpool,Bucharest,2025-12-24T07:00:02,2025-12-27T23:59:59,2025-12-24T07:00:02
Liverpool,Gdansk,2025-12-24T07:00:02,2025-12-27T23:59:59,2025-12-24T07:00:02
London,Bucharest,2025-12-24T07:00:02,2025-12-27T23:59:59,2025-12-24T07:00:02
London,Budapest,2025-12-24T07:00:02,2025-12-27T23:59:59,2025-12-24T07:00:02
London,Gdansk,2025-12-24T07:00:02,2025-12-27T23:59:59,2025-12-24T07:00:02
London,Katowice,2025-12-24T07:00:02,2025-12-27T23:59:59,2025-12-24T07:00:02
London,Lyon,2025-12-24T07:00:02,2025-12-27T23:59:59,2025-12-24T07:00:02
London,Milan,2025-12-24T07:00:02,2025-12-27T23:59:59,2025-12-24T07:00:02
London,Prague,2025-12-24T07:00:02,2025-12-27T23:59:59,2025-12-24T07:00:02
London,Suceava,2025-12-24T07:00:02,2025-12-27T23:59:59,2025-12-24T07:00:02
London,Tel Aviv,2025-12-24T07:00:02,2025-12-27T23:59:59,2025-12-24T07:00:02
London,Tromso,2025-12-24T07:00:02,2025-12-27T23:59:59,2025-12-24T07:00:02
London,Venice,2025-12-24T07:00:02,2025-12-27T23:59:59,2025-12-24T07:00:02
London,Warsaw,2025-12-24T07:00:02,2025-12-27T23:59:59,2025-12-24T07:00:02
London,Wroclaw,2025-12-24T07:00:02,2025-12-27T23:59:59,2025-12-24T07:00:02
Lublin,London,2025-12-24T07:00:02,2025-12-27T23:59:59,2025-12-24T07:00:02
Lyon,Bucharest,2025-12-24T07:00:02,2025-12-27T23:59:59,2025-12-24T07:00:02
Lyon,Krakow,2025-12-24T07:00:02,2025-12-27T23:59:59,2025-12-24T07:00:02
Madeira,Budapest,2025-12-24T07:00:02,2025-12-27T23:59:59,2025-12-24T07:00:02
Madeira,Gdansk,2025-12-24T07:00:02,2025-12-27T23:59:59,2025-12-24T07:00:02
Madeira,Katowice,2025-12-24T07:00:02,2025-12-27T23:59:59,2025-12-24T07:00:02
Madeira,Vienna,2025-12-24T07:00:02,2025-12-27T23:59:59,2025-12-24T07:00:02
Madeira,Warsaw,2025-12-24T07:00:02,2025-12-27T23:59:59,2025-12-24T07:00:02
Madinah,London,2025-12-24T07:00:02,2025-12-27T23:59:59,2025-12-24T07:00:02
Madrid,Belgrade,2025-12-24T07:00:02,2025-12-27T23:59:59,2025-12-24T07:00:02
Madrid,Bucharest,2025-12-24T07:00:02,2025-12-27T23:59:59,2025-12-24T07:00:02
Madrid,Budapest,2025-12-24T07:00:02,2025-12-27T23:59:59,2025-12-24T07:00:02
Madrid,Craiova,2025-12-24T07:00:02,2025-12-27T23:59:59,2025-12-24T07:00:02
Madrid,Gdansk,2025-12-24T07:00:02,2025-12-27T23:59:59,2025-12-24T07:00:02
Madrid,Katowice,2025-12-24T07:00:02,2025-12-27T23:59:59,2025-12-24T07:00:02
Madrid,Milan,2025-12-24T07:00:02,2025-12-27T23:59:59,2025-12-24T07:00:02
Madrid,Rome,2025-12-24T07:00:02,2025-12-27T23:59:59,2025-12-24T07:00:02
Madrid,Skopje,2025-12-24T07:00:02,2025-12-27T23:59:59,2025-12-24T07:00:02
Madrid,Venice,2025-12-24T07:00:02,2025-12-27T23:59:59,2025-12-24T07:00:02
Madrid,Warsaw,2025-12-24T07:00:02,2025-12-27T23:59:59,2025-12-24T07:00:02
Madrid,Wroclaw,2025-12-24T07:00:02,2025-12-27T23:59:59,2025-12-24T07:00:02
Malaga,Budapest,2025-12-24T07:00:02,2025-12-27T23:59:59,2025-12-24T07:00:02
Malaga,Gdansk,2025-12-24T07:00:02,2025-12-27T23:59:59,2025-12-24T07:00:02
Malaga,Katowice,2025-12-24T07:00:02,2025-12-27T23:59:59,2025-12-24T07:00:02
Malaga,Krakow,2025-12-24T07:00:02,2025-12-27T23:59:59,2025-12-24T07:00:02
Malaga,London,2025-12-24T07:00:02,2025-12-27T23:59:59,2025-12-24T07:00:02
Malaga,Milan,2025-12-24T07:00:02,2025-12-27T23:59:59,2025-12-24T07:00:02
Malaga,Rome,2025-12-24T07:00:02,2025-12-27T23:59:59,2025-12-24T07:00:02
Malaga,Vilnius,2025-12-24T07:00:02,2025-12-27T23:59:59,2025-12-24T07:00:02
Malaga,Warsaw,2025-12-24T07:00:02,2025-12-27T23:59:59,2025-12-24T07:00:02
Malaga,Wroclaw,2025-12-24T07:00:02,2025-12-27T23:59:59,2025-12-24T07:00:02
Malmo,Cluj,2025-12-24T07:00:02,2025-12-27T23:59:59,2025-12-24T07:00:02
Malta,Belgrade,2025-12-24T07:00:02,2025-12-27T23:59:59,2025-12-24T07:00:02
Malta,Bucharest,2025-12-24T07:00:02,2025-12-27T23:59:59,2025-12-24T07:00:02
Malta,Budapest,2025-12-24T07:00:02,2025-12-27T23:59:59,2025-12-24T07:00:02
Malta,Katowice,2025-12-24T07:00:02,2025-12-27T23:59:59,2025-12-24T07:00:02
Malta,Warsaw,2025-12-24T07:00:02,2025-12-27T23:59:59,2025-12-24T07:00:02
Marrakech,Bucharest,2025-12-24T07:00:02,2025-12-27T23:59:59,2025-12-24T07:00:02
Marrakech,Budapest,2025-12-24T07:00:02,2025-12-27T23:59:59,2025-12-24T07:00:02
Marrakech,Cluj,2025-12-24T07:00:02,2025-12-27T23:59:59,2025-12-24T07:00:02
Marrakech,London,2025-12-24T07:00:02,2025-12-27T23:59:59,2025-12-24T07:00:02
Marrakech,Milan,2025-12-24T07:00:02,2025-12-27T23:59:59,2025-12-24T07:00:02
Marrakech,Rome,2025-12-24T07:00:02,2025-12-27T23:59:59,2025-12-24T07:00:02
Marrakech,Warsaw,2025-12-24T07:00:02,2025-12-27T23:59:59,2025-12-24T07:00:02
Marsa Alam,Rome,2025-12-24T07:00:02,2025-12-27T23:59:59,2025-12-24T07:00:02
Memmingen,Belgrade,2025-12-24T07:00:02,2025-12-27T23:59:59,2025-12-24T07:00:02
Memmingen,Budapest,2025-12-24T07:00:02,2025-12-27T23:59:59,2025-12-24T07:00:02
Milan,Brasov,2025-12-24T07:00:02,2025-12-27T23:59:59,2025-12-24T07:00:02
Milan,Bucharest,2025-12-24T07:00:02,2025-12-27T23:59:59,2025-12-24T07:00:02
Milan,Budapest,2025-12-24T07:00:02,2025-12-27T23:59:59,2025-12-24T07:00:02
Milan,Gdansk,2025-12-24T07:00:02,2025-12-27T23:59:59,2025-12-24T07:00:02
Milan,Glasgow,2025-12-24T07:00:02,2025-12-27T23:59:59,2025-12-24T07:00:02
Milan,London,2025-12-24T07:00:02,2025-12-27T23:59:59,2025-12-24T07:00:02
Milan,Warsaw,2025-12-24T07:00:02,2025-12-27T23:59:59,2025-12-24T07:00:02
Naples,Brasov,2025-12-24T07:00:02,2025-12-27T23:59:59,2025-12-24T07:00:02
Naples,Bratislava,2025-12-24T07:00:02,2025-12-27T23:59:59,2025-12-24T07:00:02
Naples,Bucharest,2025-12-24T07:00:02,2025-12-27T23:59:59,2025-12-24T07:00:02
Naples,Katowice,2025-12-24T07:00:02,2025-12-27T23:59:59,2025-12-24T07:00:02
Naples,Sofia,2025-12-24T07:00:02,2025-12-27T23:59:59,2025-12-24T07:00:02
Naples,Tel Aviv,2025-12-24T07:00:02,2025-12-27T23:59:59,2025-12-24T07:00:02
Naples,Timisoara,2025-12-24T07:00:02,2025-12-27T23:59:59,2025-12-24T07:00:02
Naples,Warsaw,2025-12-24T07:00:02,2025-12-27T23:59:59,2025-12-24T07:00:02
Nice,Belgrade,2025-12-24T07:00:02,2025-12-27T23:59:59,2025-12-24T07:00:02
Nice,Bucharest,2025-12-24T07:00:02,2025-12-27T23:59:59,2025-12-24T07:00:02
Nice,Budapest,2025-12-24T07:00:02,2025-12-27T23:59:59,2025-12-24T07:00:02
Nice,Sofia,2025-12-24T07:00:02,2025-12-27T23:59:59,2025-12-24T07:00:02
Nice,Vilnius,2025-12-24T07:00:02,2025-12-27T23:59:59,2025-12-24T07:00:02
Nice,Warsaw,2025-12-24T07:00:02,2025-12-27T23:59:59,2025-12-24T07:00:02
Nice,Wroclaw,2025-12-24T07:00:02,2025-12-27T23:59:59,2025-12-24T07:00:02
Nis,Basel/Mulhouse,2025-12-24T07:00:02,2025-12-27T23:59:59,2025-12-24T07:00:02
Nis,Bratislava,2025-12-24T07:00:02,2025-12-27T23:59:59,2025-12-24T07:00:02
Nuremberg,Brasov,2025-12-24T07:00:02,2025-12-27T23:59:59,2025-12-24T07:00:02
Nuremberg,Bucharest,2025-12-24T07:00:02,2025-12-27T23:59:59,2025-12-24T07:00:02
Nuremberg,Chisinau,2025-12-24T07:00:02,2025-12-27T23:59:59,2025-12-24T07:00:02
Ohrid,Memmingen,2025-12-24T07:00:02,2025-12-27T23:59:59,2025-12-24T07:00:02
Oslo,Bratislava,2025-12-24T07:00:02,2025-12-27T23:59:59,2025-12-24T07:00:02
Oslo,Bucharest,2025-12-24T07:00:02,2025-12-27T23:59:59,2025-12-24T07:00:02
Oslo,Gdansk,2025-12-24T07:00:02,2025-12-27T23:59:59,2025-12-24T07:00:02
Oslo,Klaipeda/Palanga,2025-12-24T07:00:02,2025-12-27T23:59:59,2025-12-24T07:00:02
Oslo,Szczecin,2025-12-24T07:00:02,2025-12-27T23:59:59,2025-12-24T07:00:02
Oslo,Warsaw,2025-12-24T07:00:02,2025-12-27T23:59:59,2025-12-24T07:00:02
Palermo,Bratislava,2025-12-24T07:00:02,2025-12-27T23:59:59,2025-12-24T07:00:02
Palermo,Warsaw,2025-12-24T07:00:02,2025-12-27T23:59:59,2025-12-24T07:00:02
Paphos,Warsaw,2025-12-24T07:00:02,2025-12-27T23:59:59,2025-12-24T07:00:02
Paris,Budapest,2025-12-24T07:00:02,2025-12-27T23:59:59,2025-12-24T07:00:02
Paris,Chisinau,2025-12-24T07:00:02,2025-12-27T23:59:59,2025-12-24T07:00:02
Paris,Warsaw,2025-12-24T07:00:02,2025-12-27T23:59:59,2025-12-24T07:00:02
Pisa,Bucharest,2025-12-24T07:00:02,2025-12-27T23:59:59,2025-12-24T07:00:02
Pisa,Warsaw,2025-12-24T07:00:02,2025-12-27T23:59:59,2025-12-24T07:00:02
Plovdiv,Bratislava,2025-12-24T07:00:02,2025-12-27T23:59:59,2025-12-24T07:00:02
Podgorica,Dortmund,2025-12-24T07:00:02,2025-12-27T23:59:59,2025-12-24T07:00:02
Podgorica,Milan,2025-12-24T07:00:02,2025-12-27T23:59:59,2025-12-24T07:00:02
Poprad/Tatry,Gdansk,2025-12-24T07:00:02,2025-12-27T23:59:59,2025-12-24T07:00:02
Porto,Bucharest,2025-12-24T07:00:02,2025-12-27T23:59:59,2025-12-24T07:00:02
Porto,Katowice,2025-12-24T07:00:02,2025-12-27T23:59:59,2025-12-24T07:00:02
Porto,Rome,2025-12-24T07:00:02,2025-12-27T23:59:59,2025-12-24T07:00:02
Porto,Warsaw,2025-12-24T07:00:02,2025-12-27T23:59:59,2025-12-24T07:00:02
Poznan,London,2025-12-24T07:00:02,2025-12-27T23:59:59,2025-12-24T07:00:02
Prague,Bucharest,2025-12-24T07:00:02,2025-12-27T23:59:59,2025-12-24T07:00:02
Prague,London,2025-12-24T07:00:02,2025-12-27T23:59:59,2025-12-24T07:00:02
Prague,Rome,2025-12-24T07:00:02,2025-12-27T23:59:59,2025-12-24T07:00:02
Prague,Tirana,2025-12-24T07:00:02,2025-12-27T23:59:59,2025-12-24T07:00:02
Pristina,Dortmund,2025-12-24T07:00:02,2025-12-27T23:59:59,2025-12-24T07:00:02
Pristina,London,2025-12-24T07:00:02,2025-12-27T23:59:59,2025-12-24T07:00:02
Pristina,Memmingen,2025-12-24T07:00:02,2025-12-27T23:59:59,2025-12-24T07:00:02
Pristina,Milan,2025-12-24T07:00:02,2025-12-27T23:59:59,2025-12-24T07:00:02
Reykjavik,Budapest,2025-12-24T07:00:02,2025-12-27T23:59:59,2025-12-24T07:00:02
Reykjavik,Gdansk,2025-12-24T07:00:02,2025-12-27T23:59:59,2025-12-24T07:00:02
Reykjavik,Katowice,2025-12-24T07:00:02,2025-12-27T23:59:59,2025-12-24T07:00:02
Reykjavik,Milan,2025-12-24T07:00:02,2025-12-27T23:59:59,2025-12-24T07:00:02
Reykjavik,Warsaw,2025-12-24T07:00:02,2025-12-27T23:59:59,2025-12-24T07:00:02
Rome,Alicante,2025-12-24T07:00:02,2025-12-27T23:59:59,2025-12-24T07:00:02
Rome,Bacau,2025-12-24T07:00:02,2025-12-27T23:59:59,2025-12-24T07:00:02
Rome,Baku,2025-12-24T07:00:02,2025-12-27T23:59:59,2025-12-24T07:00:02
Rome,Barcelona,2025-12-24T07:00:02,2025-12-27T23:59:59,2025-12-24T07:00:02
Rome,Bilbao,2025-12-24T07:00:02,2025-12-27T23:59:59,2025-12-24T07:00:02
Rome,Birmingham,2025-12-24T07:00:02,2025-12-27T23:59:59,2025-12-24T07:00:02
Rome,Bordeaux,2025-12-24T07:00:02,2025-12-27T23:59:59,2025-12-24T07:00:02
Rome,Bucharest,2025-12-24T07:00:02,2025-12-27T23:59:59,2025-12-24T07:00:02
Rome,Budapest,2025-12-24T07:00:02,2025-12-27T23:59:59,2025-12-24T07:00:02
Rome,Chisinau,2025-12-24T07:00:02,2025-12-27T23:59:59,2025-12-24T07:00:02
Rome,Cluj,2025-12-24T07:00:02,2025-12-27T23:59:59,2025-12-24T07:00:02
Rome,Craiova,2025-12-24T07:00:02,2025-12-27T23:59:59,2025-12-24T07:00:02
Rome,Gdansk,2025-12-24T07:00:02,2025-12-27T23:59:59,2025-12-24T07:00:02
Rome,Glasgow,2025-12-24T07:00:02,2025-12-27T23:59:59,2025-12-24T07:00:02
Rome,Iasi,2025-12-24T07:00:02,2025-12-27T23:59:59,2025-12-24T07:00:02
Rome,Katowice,2025-12-24T07:00:02,2025-12-27T23:59:59,2025-12-24T07:00:02
Rome,Krakow,2025-12-24T07:00:02,2025-12-27T23:59:59,2025-12-24T07:00:02
Rome,Lisbon,2025-12-24T07:00:02,2025-12-27T23:59:59,2025-12-24T07:00:02
Rome,London,2025-12-24T07:00:02,2025-12-27T23:59:59,2025-12-24T07:00:02
Rome,Madrid,2025-12-24T07:00:02,2025-12-27T23:59:59,2025-12-24T07:00:02
Rome,Marrakech,2025-12-24T07:00:02,2025-12-27T23:59:59,2025-12-24T07:00:02
Rome,Marsa Alam,2025-12-24T07:00:02,2025-12-27T23:59:59,2025-12-24T07:00:02
Rome,Porto,2025-12-24T07:00:02,2025-12-27T23:59:59,2025-12-24T07:00:02
Rome,Prague,2025-12-24T07:00:02,2025-12-27T23:59:59,2025-12-24T07:00:02
Rome,Rzeszow,2025-12-24T07:00:02,2025-12-27T23:59:59,2025-12-24T07:00:02
Rome,Sarajevo,2025-12-24T07:00:02,2025-12-27T23:59:59,2025-12-24T07:00:02
Rome,Sevilla,2025-12-24T07:00:02,2025-12-27T23:59:59,2025-12-24T07:00:02
Rome,Sharm el-Sheikh,2025-12-24T07:00:02,2025-12-27T23:59:59,2025-12-24T07:00:02
Rome,Sibiu,2025-12-24T07:00:02,2025-12-27T23:59:59,2025-12-24T07:00:02
Rome,Valencia,2025-12-24T07:00:02,2025-12-27T23:59:59,2025-12-24T07:00:02
Rome,Warsaw,2025-12-24T07:00:02,2025-12-27T23:59:59,2025-12-24T07:00:02
Rome,Yerevan,2025-12-24T07:00:02,2025-12-27T23:59:59,2025-12-24T07:00:02
Rome,Zaragoza,2025-12-24T07:00:02,2025-12-27T23:59:59,2025-12-24T07:00:02
Rzeszow,Rome,2025-12-24T07:00:02,2025-12-27T23:59:59,2025-12-24T07:00:02
Sarajevo,Rome,2025-12-24T07:00:02,2025-12-27T23:59:59,2025-12-24T07:00:02
Satu Mare,London,2025-12-24T07:00:02,2025-12-27T23:59:59,2025-12-24T07:00:02
Sevilla,Bucharest,2025-12-24T07:00:02,2025-12-27T23:59:59,2025-12-24T07:00:02
Sevilla,Milan,2025-12-24T07:00:02,2025-12-27T23:59:59,2025-12-24T07:00:02
Sevilla,Rome,2025-12-24T07:00:02,2025-12-27T23:59:59,2025-12-24T07:00:02
Sevilla,Warsaw,2025-12-24T07:00:02,2025-12-27T23:59:59,2025-12-24T07:00:02
Sharm el-Sheikh,Budapest,2025-12-24T07:00:02,2025-12-27T23:59:59,2025-12-24T07:00:02
Sharm el-Sheikh,Catania,2025-12-24T07:00:02,2025-12-27T23:59:59,2025-12-24T07:00:02
Sharm el-Sheikh,London,2025-12-24T07:00:02,2025-12-27T23:59:59,2025-12-24T07:00:02
Sharm el-Sheikh,Milan,2025-12-24T07:00:02,2025-12-27T23:59:59,2025-12-24T07:00:02
Sharm el-Sheikh,Naples,2025-12-24T07:00:02,2025-12-27T23:59:59,2025-12-24T07:00:02
Sharm el-Sheikh,Rome,2025-12-24T07:00:02,2025-12-27T23:59:59,2025-12-24T07:00:02
Sharm el-Sheikh,Venice,2025-12-24T07:00:02,2025-12-27T23:59:59,2025-12-24T07:00:02
Sibiu,Basel/Mulhouse,2025-12-24T07:00:02,2025-12-27T23:59:59,2025-12-24T07:00:02
Sibiu,Dortmund,2025-12-24T07:00:02,2025-12-27T23:59:59,2025-12-24T07:00:02
Sibiu,Frankfurt,2025-12-24T07:00:02,2025-12-27T23:59:59,2025-12-24T07:00:02
Sibiu,Hamburg,2025-12-24T07:00:02,2025-12-27T23:59:59,2025-12-24T07:00:02
Sibiu,Karlsruhe/Baden-Baden,2025-12-24T07:00:02,2025-12-27T23:59:59,2025-12-24T07:00:02
Sibiu,London,2025-12-24T07:00:02,2025-12-27T23:59:59,2025-12-24T07:00:02
Sibiu,Memmingen,2025-12-24T07:00:02,2025-12-27T23:59:59,2025-12-24T07:00:02
Sibiu,Rome,2025-12-24T07:00:02,2025-12-27T23:59:59,2025-12-24T07:00:02
Skopje,Barcelona,2025-12-24T07:00:02,2025-12-27T23:59:59,2025-12-24T07:00:02
Skopje,Bari,2025-12-24T07:00:02,2025-12-27T23:59:59,2025-12-24T07:00:02
Skopje,Berlin,2025-12-24T07:00:02,2025-12-27T23:59:59,2025-12-24T07:00:02
Skopje,Bologna,2025-12-24T07:00:02,2025-12-27T23:59:59,2025-12-24T07:00:02
Skopje,Bratislava,2025-12-24T07:00:02,2025-12-27T23:59:59,2025-12-24T07:00:02
Skopje,Cologne/Bonn,2025-12-24T07:00:02,2025-12-27T23:59:59,2025-12-24T07:00:02
Skopje,Dortmund,2025-12-24T07:00:02,2025-12-27T23:59:59,2025-12-24T07:00:02
Skopje,Eindhoven,2025-12-24T07:00:02,2025-12-27T23:59:59,2025-12-24T07:00:02
Skopje,Friedrichshafen,2025-12-24T07:00:02,2025-12-27T23:59:59,2025-12-24T07:00:02
Skopje,Gothenburg,2025-12-24T07:00:02,2025-12-27T23:59:59,2025-12-24T07:00:02
Skopje,Ljubljana,2025-12-24T07:00:02,2025-12-27T23:59:59,2025-12-24T07:00:02
Skopje,London,2025-12-24T07:00:02,2025-12-27T23:59:59,2025-12-24T07:00:02
Skopje,Lyon,2025-12-24T07:00:02,2025-12-27T23:59:59,2025-12-24T07:00:02
Skopje,Madrid,2025-12-24T07:00:02,2025-12-27T23:59:59,2025-12-24T07:00:02
Skopje,Malta,2025-12-24T07:00:02,2025-12-27T23:59:59,2025-12-24T07:00:02
Skopje,Milan,2025-12-24T07:00:02,2025-12-27T23:59:59,2025-12-24T07:00:02
Skopje,Nuremberg,2025-12-24T07:00:02,2025-12-27T23:59:59,2025-12-24T07:00:02
Skopje,Paris,2025-12-24T07:00:02,2025-12-27T23:59:59,2025-12-24T07:00:02
Skopje,Prague,2025-12-24T07:00:02,2025-12-27T23:59:59,2025-12-24T07:00:02
Skopje,Rome,2025-12-24T07:00:02,2025-12-27T23:59:59,2025-12-24T07:00:02
Skopje,Stockholm,2025-12-24T07:00:02,2025-12-27T23:59:59,2025-12-24T07:00:02
Sofia,Bari,2025-12-24T07:00:02,2025-12-27T23:59:59,2025-12-24T07:00:02
Sofia,Basel/Mulhouse,2025-12-24T07:00:02,2025-12-27T23:59:59,2025-12-24T07:00:02
Sofia,Brussels,2025-12-24T07:00:02,2025-12-27T23:59:59,2025-12-24T07:00:02
Sofia,Chisinau,2025-12-24T07:00:02,2025-12-27T23:59:59,2025-12-24T07:00:02
Sofia,Dortmund,2025-12-24T07:00:02,2025-12-27T23:59:59,2025-12-24T07:00:02
Sofia,Eindhoven,2025-12-24T07:00:02,2025-12-27T23:59:59,2025-12-24T07:00:02
Sofia,Hamburg,2025-12-24T07:00:02,2025-12-27T23:59:59,2025-12-24T07:00:02
Sofia,Krakow,2025-12-24T07:00:02,2025-12-27T23:59:59,2025-12-24T07:00:02
Sofia,Larnaca,2025-12-24T07:00:02,2025-12-27T23:59:59,2025-12-24T07:00:02
Sofia,London,2025-12-24T07:00:02,2025-12-27T23:59:59,2025-12-24T07:00:02
Sofia,Lyon,2025-12-24T07:00:02,2025-12-27T23:59:59,2025-12-24T07:00:02
Sofia,Madrid,2025-12-24T07:00:02,2025-12-27T23:59:59,2025-12-24T07:00:02
Sofia,Malaga,2025-12-24T07:00:02,2025-12-27T23:59:59,2025-12-24T07:00:02
Sofia,Memmingen,2025-12-24T07:00:02,2025-12-27T23:59:59,2025-12-24T07:00:02
Sofia,Milan,2025-12-24T07:00:02,2025-12-27T23:59:59,2025-12-24T07:00:02
Sofia,Naples,2025-12-24T07:00:02,2025-12-27T23:59:59,2025-12-24T07:00:02
Sofia,Nice,2025-12-24T07:00:02,2025-12-27T23:59:59,2025-12-24T07:00:02
Sofia,Paris,2025-12-24T07:00:02,2025-12-27T23:59:59,2025-12-24T07:00:02
Sofia,Prague,2025-12-24T07:00:02,2025-12-27T23:59:59,2025-12-24T07:00:02
Sofia,Rome,2025-12-24T07:00:02,2025-12-27T23:59:59,2025-12-24T07:00:02
Sofia,Stuttgart,2025-12-24T07:00:02,2025-12-27T23:59:59,2025-12-24T07:00:02
Sofia,Tel Aviv,2025-12-24T07:00:02,2025-12-27T23:59:59,2025-12-24T07:00:02
Sofia,Turin,2025-12-24T07:00:02,2025-12-27T23:59:59,2025-12-24T07:00:02
Sofia,Warsaw,2025-12-24T07:00:02,2025-12-27T23:59:59,2025-12-24T07:00:02
Stavanger,Gdansk,2025-12-24T07:00:02,2025-12-27T23:59:59,2025-12-24T07:00:02
Stockholm,Bucharest,2025-12-24T07:00:02,2025-12-27T23:59:59,2025-12-24T07:00:02
Stockholm,Cluj,2025-12-24T07:00:02,2025-12-27T23:59:59,2025-12-24T07:00:02
Stockholm,Skopje,2025-12-24T07:00:02,2025-12-27T23:59:59,2025-12-24T07:00:02
Suceava,Birmingham,2025-12-24T07:00:02,2025-12-27T23:59:59,2025-12-24T07:00:02
Suceava,Bologna,2025-12-24T07:00:02,2025-12-27T23:59:59,2025-12-24T07:00:02
Suceava,Dortmund,2025-12-24T07:00:02,2025-12-27T23:59:59,2025-12-24T07:00:02
Suceava,Karlsruhe/Baden-Baden,2025-12-24T07:00:02,2025-12-27T23:59:59,2025-12-24T07:00:02
Suceava,Larnaca,2025-12-24T07:00:02,2025-12-27T23:59:59,2025-12-24T07:00:02
Suceava,London,2025-12-24T07:00:02,2025-12-27T23:59:59,2025-12-24T07:00:02
Suceava,Memmingen,2025-12-24T07:00:02,2025-12-27T23:59:59,2025-12-24T07:00:02
Suceava,Milan,2025-12-24T07:00:02,2025-12-27T23:59:59,2025-12-24T07:00:02
Suceava,Rome,2025-12-24T07:00:02,2025-12-27T23:59:59,2025-12-24T07:00:02
Suceava,Venice,2025-12-24T07:00:02,2025-12-27T23:59:59,2025-12-24T07:00:02
Szczecin,Oslo,2025-12-24T07:00:02,2025-12-27T23:59:59,2025-12-24T07:00:02
Tallinn,Budapest,2025-12-24T07:00:02,2025-12-27T23:59:59,2025-12-24T07:00:02
Tallinn,London,2025-12-24T07:00:02,2025-12-27T23:59:59,2025-12-24T07:00:02
Tallinn,Vilnius,2025-12-24T07:00:02,2025-12-27T23:59:59,2025-12-24T07:00:02
Targu-Mures,Budapest,2025-12-24T07:00:02,2025-12-27T23:59:59,2025-12-24T07:00:02
Tel Aviv,Bucharest,2025-12-24T07:00:02,2025-12-27T23:59:59,2025-12-24T07:00:02
Tel Aviv,Budapest,2025-12-24T07:00:02,2025-12-27T23:59:59,2025-12-24T07:00:02
Tel Aviv,Krakow,2025-12-24T07:00:02,2025-12-27T23:59:59,2025-12-24T07:00:02
Tel Aviv,London,2025-12-24T07:00:02,2025-12-27T23:59:59,2025-12-24T07:00:02
Tel Aviv,Milan,2025-12-24T07:00:02,2025-12-27T23:59:59,2025-12-24T07:00:02
Tel Aviv,Naples,2025-12-24T07:00:02,2025-12-27T23:59:59,2025-12-24T07:00:02
Tel Aviv,Rome,2025-12-24T07:00:02,2025-12-27T23:59:59,2025-12-24T07:00:02
Tel Aviv,Thessaloniki,2025-12-24T07:00:02,2025-12-27T23:59:59,2025-12-24T07:00:02
Tel Aviv,Varna,2025-12-24T07:00:02,2025-12-27T23:59:59,2025-12-24T07:00:02
Tel Aviv,Venice,2025-12-24T07:00:02,2025-12-27T23:59:59,2025-12-24T07:00:02
Tel Aviv,Vienna,2025-12-24T07:00:02,2025-12-27T23:59:59,2025-12-24T07:00:02
Tel Aviv,Vilnius,2025-12-24T07:00:02,2025-12-27T23:59:59,2025-12-24T07:00:02
Tel Aviv,Warsaw,2025-12-24T07:00:02,2025-12-27T23:59:59,2025-12-24T07:00:02
Tenerife,Bucharest,2025-12-24T07:00:02,2025-12-27T23:59:59,2025-12-24T07:00:02
Tenerife,Budapest,2025-12-24T07:00:02,2025-12-27T23:59:59,2025-12-24T07:00:02
Tenerife,Gdansk,2025-12-24T07:00:02,2025-12-27T23:59:59,2025-12-24T07:00:02
Tenerife,Katowice,2025-12-24T07:00:02,2025-12-27T23:59:59,2025-12-24T07:00:02
Tenerife,Milan,2025-12-24T07:00:02,2025-12-27T23:59:59,2025-12-24T07:00:02
Tenerife,Rome,2025-12-24T07:00:02,2025-12-27T23:59:59,2025-12-24T07:00:02
Tenerife,Tirana,2025-12-24T07:00:02,2025-12-27T23:59:59,2025-12-24T07:00:02
Tenerife,Vienna,2025-12-24T07:00:02,2025-12-27T23:59:59,2025-12-24T07:00:02
Tenerife,Warsaw,2025-12-24T07:00:02,2025-12-27T23:59:59,2025-12-24T07:00:02
Thessaloniki,Budapest,2025-12-24T07:00:02,2025-12-27T23:59:59,2025-12-24T07:00:02
Thessaloniki,Tel Aviv,2025-12-24T07:00:02,2025-12-27T23:59:59,2025-12-24T07:00:02
Timisoara,Bari,2025-12-24T07:00:02,2025-12-27T23:59:59,2025-12-24T07:00:02
Timisoara,Bologna,2025-12-24T07:00:02,2025-12-27T23:59:59,2025-12-24T07:00:02
Timisoara,Brussels,2025-12-24T07:00:02,2025-12-27T23:59:59,2025-12-24T07:00:02
Timisoara,Dortmund,2025-12-24T07:00:02,2025-12-27T23:59:59,2025-12-24T07:00:02
Timisoara,Frankfurt,2025-12-24T07:00:02,2025-12-27T23:59:59,2025-12-24T07:00:02
Timisoara,London,2025-12-24T07:00:02,2025-12-27T23:59:59,2025-12-24T07:00:02
Timisoara,Madrid,2025-12-24T07:00:02,2025-12-27T23:59:59,2025-12-24T07:00:02
Timisoara,Memmingen,2025-12-24T07:00:02,2025-12-27T23:59:59,2025-12-24T07:00:02
Timisoara,Milan,2025-12-24T07:00:02,2025-12-27T23:59:59,2025-12-24T07:00:02
Timisoara,Naples,2025-12-24T07:00:02,2025-12-27T23:59:59,2025-12-24T07:00:02
Timisoara,Nuremberg,2025-12-24T07:00:02,2025-12-27T23:59:59,2025-12-24T07:00:02
Timisoara,Paris,2025-12-24T07:00:02,2025-12-27T23:59:59,2025-12-24T07:00:02
Timisoara,Rome,2025-12-24T07:00:02,2025-12-27T23:59:59,2025-12-24T07:00:02
Tirana,Ancona,2025-12-24T07:00:02,2025-12-27T23:59:59,2025-12-24T07:00:02
Tirana,Athens,2025-12-24T07:00:02,2025-12-27T23:59:59,2025-12-24T07:00:02
Tirana,Barcelona,2025-12-24T07:00:02,2025-12-27T23:59:59,2025-12-24T07:00:02
Tirana,Bari,2025-12-24T07:00:02,2025-12-27T23:59:59,2025-12-24T07:00:02
Tirana,Basel/Mulhouse,2025-12-24T07:00:02,2025-12-27T23:59:59,2025-12-24T07:00:02
Tirana,Berlin,2025-12-24T07:00:02,2025-12-27T23:59:59,2025-12-24T07:00:02
Tirana,Bologna,2025-12-24T07:00:02,2025-12-27T23:59:59,2025-12-24T07:00:02
Tirana,Brussels,2025-12-24T07:00:02,2025-12-27T23:59:59,2025-12-24T07:00:02
Tirana,Cologne/Bonn,2025-12-24T07:00:02,2025-12-27T23:59:59,2025-12-24T07:00:02
Tirana,Dortmund,2025-12-24T07:00:02,2025-12-27T23:59:59,2025-12-24T07:00:02
Tirana,Frankfurt,2025-12-24T07:00:02,2025-12-27T23:59:59,2025-12-24T07:00:02
Tirana,Genoa,2025-12-24T07:00:02,2025-12-27T23:59:59,2025-12-24T07:00:02
Tirana,Hamburg,2025-12-24T07:00:02,2025-12-27T23:59:59,2025-12-24T07:00:02
Tirana,Karlsruhe/Baden-Baden,2025-12-24T07:00:02,2025-12-27T23:59:59,2025-12-24T07:00:02
Tirana,London,2025-12-24T07:00:02,2025-12-27T23:59:59,2025-12-24T07:00:02
Tirana,Lyon,2025-12-24T07:00:02,2025-12-27T23:59:59,2025-12-24T07:00:02
Tirana,Malaga,2025-12-24T07:00:02,2025-12-27T23:59:59,2025-12-24T07:00:02
Tirana,Malmo,2025-12-24T07:00:02,2025-12-27T23:59:59,2025-12-24T07:00:02
Tirana,Malta,2025-12-24T07:00:02,2025-12-27T23:59:59,2025-12-24T07:00:02
Tirana,Memmingen,2025-12-24T07:00:02,2025-12-27T23:59:59,2025-12-24T07:00:02
Tirana,Milan,2025-12-24T07:00:02,2025-12-27T23:59:59,2025-12-24T07:00:02
Tirana,Naples,2025-12-24T07:00:02,2025-12-27T23:59:59,2025-12-24T07:00:02
Tirana,Nuremberg,2025-12-24T07:00:02,2025-12-27T23:59:59,2025-12-24T07:00:02
Tirana,Perugia,2025-12-24T07:00:02,2025-12-27T23:59:59,2025-12-24T07:00:02
Tirana,Pescara,2025-12-24T07:00:02,2025-12-27T23:59:59,2025-12-24T07:00:02
Tirana,Pisa,2025-12-24T07:00:02,2025-12-27T23:59:59,2025-12-24T07:00:02
Tirana,Prague,2025-12-24T07:00:02,2025-12-27T23:59:59,2025-12-24T07:00:02
Tirana,Rimini,2025-12-24T07:00:02,2025-12-27T23:59:59,2025-12-24T07:00:02
Tirana,Rome,2025-12-24T07:00:02,2025-12-27T23:59:59,2025-12-24T07:00:02
Tirana,Stuttgart,2025-12-24T07:00:02,2025-12-27T23:59:59,2025-12-24T07:00:02
Tirana,Tenerife,2025-12-24T07:00:02,2025-12-27T23:59:59,2025-12-24T07:00:02
Tirana,Trieste,2025-12-24T07:00:02,2025-12-27T23:59:59,2025-12-24T07:00:02
Tirana,Turin,2025-12-24T07:00:02,2025-12-27T23:59:59,2025-12-24T07:00:02
Tirana,Venice,2025-12-24T07:00:02,2025-12-27T23:59:59,2025-12-24T07:00:02
Tirana,Verona,2025-12-24T07:00:02,2025-12-27T23:59:59,2025-12-24T07:00:02
Tirana,Vienna,2025-12-24T07:00:02,2025-12-27T23:59:59,2025-12-24T07:00:02
Tromso,Gdansk,2025-12-24T07:00:02,2025-12-27T23:59:59,2025-12-24T07:00:02
Tromso,London,2025-12-24T07:00:02,2025-12-27T23:59:59,2025-12-24T07:00:02
Trondheim,Gdansk,2025-12-24T07:00:02,2025-12-27T23:59:59,2025-12-24T07:00:02
Turin,Bucharest,2025-12-24T07:00:02,2025-12-27T23:59:59,2025-12-24T07:00:02
Turku,Bucharest,2025-12-24T07:00:02,2025-12-27T23:59:59,2025-12-24T07:00:02
Turku,Gdansk,2025-12-24T07:00:02,2025-12-27T23:59:59,2025-12-24T07:00:02
Turku,Vilnius,2025-12-24T07:00:02,2025-12-27T23:59:59,2025-12-24T07:00:02
Tuzla,Basel/Mulhouse,2025-12-24T07:00:02,2025-12-27T23:59:59,2025-12-24T07:00:02
Tuzla,Cologne/Bonn,2025-12-24T07:00:02,2025-12-27T23:59:59,2025-12-24T07:00:02
Tuzla,Dortmund,2025-12-24T07:00:02,2025-12-27T23:59:59,2025-12-24T07:00:02
Tuzla,Hamburg,2025-12-24T07:00:02,2025-12-27T23:59:59,2025-12-24T07:00:02
Tuzla,Maastricht,2025-12-24T07:00:02,2025-12-27T23:59:59,2025-12-24T07:00:02
Tuzla,Memmingen,2025-12-24T07:00:02,2025-12-27T23:59:59,2025-12-24T07:00:02
Valencia,Bucharest,2025-12-24T07:00:02,2025-12-27T23:59:59,2025-12-24T07:00:02
Valencia,Budapest,2025-12-24T07:00:02,2025-12-27T23:59:59,2025-12-24T07:00:02
Valencia,Krakow,2025-12-24T07:00:02,2025-12-27T23:59:59,2025-12-24T07:00:02
Valencia,Milan,2025-12-24T07:00:02,2025-12-27T23:59:59,2025-12-24T07:00:02
Valencia,Rome,2025-12-24T07:00:02,2025-12-27T23:59:59,2025-12-24T07:00:02
Valencia,Venice,2025-12-24T07:00:02,2025-12-27T23:59:59,2025-12-24T07:00:02
Valencia,Warsaw,2025-12-24T07:00:02,2025-12-27T23:59:59,2025-12-24T07:00:02
Varna,Berlin,2025-12-24T07:00:02,2025-12-27T23:59:59,2025-12-24T07:00:02
Varna,Bratislava,2025-12-24T07:00:02,2025-12-27T23:59:59,2025-12-24T07:00:02
Varna,Dortmund,2025-12-24T07:00:02,2025-12-27T23:59:59,2025-12-24T07:00:02
Varna,Eindhoven,2025-12-24T07:00:02,2025-12-27T23:59:59,2025-12-24T07:00:02
Varna,Frankfurt,2025-12-24T07:00:02,2025-12-27T23:59:59,2025-12-24T07:00:02
Varna,Hamburg,2025-12-24T07:00:02,2025-12-27T23:59:59,2025-12-24T07:00:02
Varna,London,2025-12-24T07:00:02,2025-12-27T23:59:59,2025-12-24T07:00:02
Varna,Memmingen,2025-12-24T07:00:02,2025-12-27T23:59:59,2025-12-24T07:00:02
Varna,Nuremberg,2025-12-24T07:00:02,2025-12-27T23:59:59,2025-12-24T07:00:02
Varna,Tel Aviv,2025-12-24T07:00:02,2025-12-27T23:59:59,2025-12-24T07:00:02
Venice,Bucharest,2025-12-24T07:00:02,2025-12-27T23:59:59,2025-12-24T07:00:02
Venice,Cluj,2025-12-24T07:00:02,2025-12-27T23:59:59,2025-12-24T07:00:02
Venice,Iasi,2025-12-24T07:00:02,2025-12-27T23:59:59,2025-12-24T07:00:02
Vienna,Chisinau,2025-12-24T07:00:02,2025-12-27T23:59:59,2025-12-24T07:00:02
Vienna,Larnaca,2025-12-24T07:00:02,2025-12-27T23:59:59,2025-12-24T07:00:02
Vienna,Madeira,2025-12-24T07:00:02,2025-12-27T23:59:59,2025-12-24T07:00:02
Vienna,Pristina,2025-12-24T07:00:02,2025-12-27T23:59:59,2025-12-24T07:00:02
Vilnius,Bergen,2025-12-24T07:00:02,2025-12-27T23:59:59,2025-12-24T07:00:02
Vilnius,Billund,2025-12-24T07:00:02,2025-12-27T23:59:59,2025-12-24T07:00:02
Vilnius,Dortmund,2025-12-24T07:00:02,2025-12-27T23:59:59,2025-12-24T07:00:02
Vilnius,Eindhoven,2025-12-24T07:00:02,2025-12-27T23:59:59,2025-12-24T07:00:02
Vilnius,Krakow,2025-12-24T07:00:02,2025-12-27T23:59:59,2025-12-24T07:00:02
Vilnius,London,2025-12-24T07:00:02,2025-12-27T23:59:59,2025-12-24T07:00:02
Vilnius,Nice,2025-12-24T07:00:02,2025-12-27T23:59:59,2025-12-24T07:00:02
Vilnius,Tallinn,2025-12-24T07:00:02,2025-12-27T23:59:59,2025-12-24T07:00:02
Vilnius,Turku,2025-12-24T07:00:02,2025-12-27T23:59:59,2025-12-24T07:00:02
Warsaw,Basel/Mulhouse,2025-12-24T07:00:02,2025-12-27T23:59:59,2025-12-24T07:00:02
Warsaw,Bologna,2025-12-24T07:00:02,2025-12-27T23:59:59,2025-12-24T07:00:02
Warsaw,Brussels,2025-12-24T07:00:02,2025-12-27T23:59:59,2025-12-24T07:00:02
Warsaw,Bucharest,2025-12-24T07:00:02,2025-12-27T23:59:59,2025-12-24T07:00:02
Warsaw,Budapest,2025-12-24T07:00:02,2025-12-27T23:59:59,2025-12-24T07:00:02
Warsaw,Eindhoven,2025-12-24T07:00:02,2025-12-27T23:59:59,2025-12-24T07:00:02
Warsaw,Genoa,2025-12-24T07:00:02,2025-12-27T23:59:59,2025-12-24T07:00:02
Warsaw,Liverpool,2025-12-24T07:00:02,2025-12-27T23:59:59,2025-12-24T07:00:02
Warsaw,London,2025-12-24T07:00:02,2025-12-27T23:59:59,2025-12-24T07:00:02
Warsaw,Malaga,2025-12-24T07:00:02,2025-12-27T23:59:59,2025-12-24T07:00:02
Warsaw,Milan,2025-12-24T07:00:02,2025-12-27T23:59:59,2025-12-24T07:00:02
Warsaw,Naples,2025-12-24T07:00:02,2025-12-27T23:59:59,2025-12-24T07:00:02
Warsaw,Oslo,2025-12-24T07:00:02,2025-12-27T23:59:59,2025-12-24T07:00:02
Warsaw,Pisa,2025-12-24T07:00:02,2025-12-27T23:59:59,2025-12-24T07:00:02
Warsaw,Porto,2025-12-24T07:00:02,2025-12-27T23:59:59,2025-12-24T07:00:02
Warsaw,Reykjavik,2025-12-24T07:00:02,2025-12-27T23:59:59,2025-12-24T07:00:02
Warsaw,Rome,2025-12-24T07:00:02,2025-12-27T23:59:59,2025-12-24T07:00:02
Warsaw,Stockholm,2025-12-24T07:00:02,2025-12-27T23:59:59,2025-12-24T07:00:02
Warsaw,Venice,2025-12-24T07:00:02,2025-12-27T23:59:59,2025-12-24T07:00:02
Wroclaw,Barcelona,2025-12-24T07:00:02,2025-12-27T23:59:59,2025-12-24T07:00:02
Wroclaw,Bari,2025-12-24T07:00:02,2025-12-27T23:59:59,2025-12-24T07:00:02
Wroclaw,Basel/Mulhouse,2025-12-24T07:00:02,2025-12-27T23:59:59,2025-12-24T07:00:02
Wroclaw,Budapest,2025-12-24T07:00:02,2025-12-27T23:59:59,2025-12-24T07:00:02
Wroclaw,Eindhoven,2025-12-24T07:00:02,2025-12-27T23:59:59,2025-12-24T07:00:02
Wroclaw,London,2025-12-24T07:00:02,2025-12-27T23:59:59,2025-12-24T07:00:02
Yerevan,Bucharest,2025-12-24T07:00:02,2025-12-27T23:59:59,2025-12-24T07:00:02
Yerevan,Budapest,2025-12-24T07:00:02,2025-12-27T23:59:59,2025-12-24T07:00:02
Yerevan,Dortmund,2025-12-24T07:00:02,2025-12-27T23:59:59,2025-12-24T07:00:02
Yerevan,Hamburg,2025-12-24T07:00:02,2025-12-27T23:59:59,2025-12-24T07:00:02
Yerevan,Larnaca,2025-12-24T07:00:02,2025-12-27T23:59:59,2025-12-24T07:00:02
Yerevan,Milan,2025-12-24T07:00:02,2025-12-27T23:59:59,2025-12-24T07:00:02
Yerevan,Naples,2025-12-24T07:00:02,2025-12-27T23:59:59,2025-12-24T07:00:02
Yerevan,Prague,2025-12-24T07:00:02,2025-12-27T23:59:59,2025-12-24T07:00:02
Yerevan,Rome,2025-12-24T07:00:02,2025-12-27T23:59:59,2025-12-24T07:00:02
Yerevan,Venice,2025-12-24T07:00:02,2025-12-27T23:59:59,2025-12-24T07:00:02
Yerevan,Vienna,2025-12-24T07:00:02,2025-12-27T23:59:59,2025-12-24T07:00:02
Zaragoza,Rome,2025-12-24T07:00:02,2025-12-27T23:59:59,2025-12-24T07:00:02
